Espas 0.70  SLOPE  3.00
1   10.00
2   9.79
3   9.58
4   9.37
5   9.16
6   8.95
7   8.74
8   8.53
9   8.32
10   8.11
11   7.90
12   7.70
13   7.49
14   7.28
15   7.07
89.75
Espas 0.70  SLOPE  3.00
1   15.00
2   14.79
3   14.58
4   14.37
5   14.16
6   13.95
7   13.74
8   13.53
9   13.32
10   13.12
11   12.91
12   12.70
13   12.49
14   12.28
15   12.08
16   11.87
17   11.66
18   11.46
19   11.25
20   11.05
21   10.84
22   10.64
89.98
Espas 0.70  SLOPE  3.00
1   20.00
2   19.79
3   19.58
4   19.37
5   19.16
6   18.95
7   18.74
8   18.53
9   18.33
10   18.12
11   17.91
12   17.70
13   17.50
14   17.29
15   17.08
16   16.88
17   16.67
18   16.47
19   16.27
20   16.06
21   15.86
22   15.66
23   15.46
24   15.26
25   15.06
26   14.86
27   14.67
28   14.47
29   14.27
89.98
Espas 0.70  SLOPE  3.00
1   25.00
2   24.79
3   24.58
4   24.37
5   24.16
6   23.95
7   23.74
8   23.53
9   23.33
10   23.12
11   22.91
12   22.71
13   22.50
14   22.29
15   22.09
16   21.89
17   21.68
18   21.48
19   21.28
20   21.08
21   20.88
22   20.68
23   20.48
24   20.29
25   20.09
26   19.90
27   19.70
28   19.51
29   19.32
30   19.13
31   18.94
32   18.75
33   18.57
34   18.38
35   18.20
36   18.01
89.98
Espas 0.70  SLOPE  3.00
1   30.00
2   29.79
3   29.58
4   29.37
5   29.16
6   28.95
7   28.74
8   28.54
9   28.33
10   28.12
11   27.91
12   27.71
13   27.50
14   27.30
15   27.10
16   26.89
17   26.69
18   26.49
19   26.29
20   26.09
21   25.90
22   25.70
23   25.51
24   25.31
25   25.12
26   24.93
27   24.74
28   24.55
29   24.36
30   24.18
31   23.99
32   23.81
33   23.63
34   23.45
35   23.27
36   23.10
37   22.92
38   22.75
39   22.58
40   22.41
41   22.25
42   22.08
43   21.92
44   21.76
45   21.60
46   21.44
89.96
Espas 0.70  SLOPE  3.00
1   35.00
2   34.79
3   34.58
4   34.37
5   34.16
6   33.95
7   33.74
8   33.54
9   33.33
10   33.12
11   32.92
12   32.71
13   32.51
14   32.31
15   32.10
16   31.90
17   31.70
18   31.50
19   31.31
20   31.11
21   30.91
22   30.72
23   30.53
24   30.34
25   30.15
26   29.96
27   29.78
28   29.59
29   29.41
30   29.23
31   29.05
32   28.87
33   28.70
34   28.53
35   28.35
36   28.18
37   28.02
38   27.85
39   27.69
40   27.53
41   27.37
42   27.21
43   27.06
44   26.91
45   26.76
46   26.61
47   26.47
48   26.33
49   26.19
50   26.05
51   25.92
52   25.79
53   25.66
54   25.53
55   25.41
56   25.29
57   25.17
58   25.05
59   24.94
91.05
Espas 0.70  SLOPE  3.00
1   40.00
2   39.79
3   39.58
4   39.37
5   39.16
6   38.95
7   38.75
8   38.54
9   38.33
10   38.13
11   37.92
12   37.72
13   37.51
14   37.31
15   37.11
16   36.91
17   36.71
18   36.52
19   36.32
20   36.13
21   35.93
22   35.74
23   35.55
24   35.37
25   35.18
26   35.00
27   34.81
28   34.63
29   34.46
30   34.28
31   34.11
32   33.93
33   33.77
34   33.60
35   33.43
36   33.27
37   33.11
38   32.95
39   32.80
40   32.65
41   32.50
42   32.35
43   32.21
44   32.06
45   31.93
46   31.79
47   31.66
48   31.53
49   31.40
50   31.28
51   31.16
52   31.04
53   30.92
54   30.81
55   30.71
56   30.60
57   30.50
58   30.40
59   30.31
60   30.22
61   30.13
62   30.04
63   29.96
64   29.89
65   29.81
66   29.74
67   29.68
68   29.62
69   29.56
70   29.51
71   29.46
72   29.41
73   29.37
74   29.33
75   29.30
76   29.27
77   29.24
78   29.22
79   29.20
80   29.19
81   29.18
82   29.18
83   29.18
84   29.18
85   29.19
86   29.20
87   29.22
88   29.25
89   29.27
90   29.31
91   29.34
92   29.39
93   29.43
94   29.49
95   29.54
96   29.61
97   29.67
98   29.74
99   29.82
100   29.91
101   29.99
102   30.09
103   30.19
104   30.29
105   30.40
106   30.52
107   30.64
108   30.76
109   30.90
110   31.03
111   31.18
112   31.33
113   31.48
114   31.65
115   31.81
116   31.99
117   32.17
118   32.36
119   32.55
120   32.75
121   32.96
122   33.17
123   33.39
124   33.61
125   33.85
126   34.09
127   34.33
128   34.59
129   34.85
130   35.12
131   35.39
132   35.68
133   35.97
134   36.26
135   36.57
136   36.88
137   37.20
138   37.53
139   37.87
140   38.21
141   38.57
142   38.93
143   39.30
144   39.68
145   40.06
89.59
89.72
89.96
89.84
90.82
93.97
100.00
89.73
89.91
89.85
89.95
91.15
94.11
100.00
89.87
89.87
89.87
89.99
91.57
94.24
100.00
89.92
89.96
89.88
89.98
92.65
94.92
100.00
89.93
89.95
89.99
89.90
92.22
94.33
95.85
89.75
89.90
89.95
89.99
90.00
91.67
93.65
90.00
Espas 0.80  SLOPE  3.00
1   10.00
2   9.76
3   9.52
4   9.28
5   9.04
6   8.80
7   8.56
8   8.32
9   8.08
10   7.84
11   7.60
12   7.37
13   7.13
89.75
Espas 0.80  SLOPE  3.00
1   15.00
2   14.76
3   14.52
4   14.28
5   14.04
6   13.80
7   13.56
8   13.32
9   13.08
10   12.85
11   12.61
12   12.37
13   12.13
14   11.90
15   11.66
16   11.42
17   11.19
18   10.95
19   10.72
89.67
Espas 0.80  SLOPE  3.00
1   20.00
2   19.76
3   19.52
4   19.28
5   19.04
6   18.80
7   18.56
8   18.32
9   18.09
10   17.85
11   17.61
12   17.37
13   17.14
14   16.90
15   16.67
16   16.43
17   16.20
18   15.96
19   15.73
20   15.50
21   15.27
22   15.04
23   14.81
24   14.58
25   14.35
26   14.13
89.77
Espas 0.80  SLOPE  3.00
1   25.00
2   24.76
3   24.52
4   24.28
5   24.04
6   23.80
7   23.56
8   23.33
9   23.09
10   22.85
11   22.61
12   22.38
13   22.14
14   21.91
15   21.67
16   21.44
17   21.21
18   20.98
19   20.75
20   20.52
21   20.29
22   20.06
23   19.84
24   19.61
25   19.39
26   19.16
27   18.94
28   18.72
29   18.50
30   18.28
31   18.07
32   17.85
89.96
Espas 0.80  SLOPE  3.00
1   30.00
2   29.76
3   29.52
4   29.28
5   29.04
6   28.80
7   28.56
8   28.33
9   28.09
10   27.85
11   27.62
12   27.38
13   27.15
14   26.91
15   26.68
16   26.45
17   26.22
18   25.99
19   25.76
20   25.53
21   25.31
22   25.08
23   24.86
24   24.64
25   24.42
26   24.20
27   23.98
28   23.77
29   23.55
30   23.34
31   23.13
32   22.92
33   22.71
34   22.51
35   22.30
36   22.10
37   21.90
38   21.70
39   21.51
89.94
Espas 0.80  SLOPE  3.00
1   35.00
2   34.76
3   34.52
4   34.28
5   34.04
6   33.80
7   33.56
8   33.33
9   33.09
10   32.85
11   32.62
12   32.39
13   32.15
14   31.92
15   31.69
16   31.46
17   31.23
18   31.00
19   30.78
20   30.55
21   30.33
22   30.11
23   29.89
24   29.67
25   29.45
26   29.24
27   29.03
28   28.81
29   28.60
30   28.40
31   28.19
32   27.99
33   27.79
34   27.59
35   27.39
36   27.20
37   27.01
38   26.82
39   26.63
40   26.44
41   26.26
42   26.08
43   25.90
44   25.73
45   25.55
46   25.38
47   25.22
48   25.05
89.96
Espas 0.80  SLOPE  3.00
1   40.00
2   39.76
3   39.52
4   39.28
5   39.04
6   38.80
7   38.57
8   38.33
9   38.09
10   37.86
11   37.62
12   37.39
13   37.16
14   36.93
15   36.70
16   36.47
17   36.24
18   36.02
19   35.79
20   35.57
21   35.35
22   35.13
23   34.91
24   34.70
25   34.49
26   34.28
27   34.07
28   33.86
29   33.66
30   33.46
31   33.26
32   33.06
33   32.86
34   32.67
35   32.48
36   32.30
37   32.11
38   31.93
39   31.75
40   31.58
41   31.40
42   31.23
43   31.07
44   30.90
45   30.74
46   30.58
47   30.43
48   30.28
49   30.13
50   29.99
51   29.84
52   29.71
53   29.57
54   29.44
55   29.31
56   29.19
57   29.07
58   28.95
59   28.84
60   28.73
61   28.63
62   28.53
63   28.43